[SLOPE_SECTION]
SEC_01_B=3.845771
SEC_01_K=0.945274
SEC_0_B=3.845771
SEC_0_K=0.950
SEC_1_B=3.5
SEC_1_K=0.945
SEC_2_B=2.1
SEC_2_K=0.949
SEC_3_B=0.000000
SEC_3_K=0.964500
SEC_4_B=-7.500000
SEC_4_K=0.991000
SEC_5_B=-12.737928
SEC_5_K=1.001803
SEC_6_B=-6.270507
SEC_6_K=0.991988
SEC_7_B=-12.530024
SEC_7_K=1.000801
SEC_8_B=-12.530024
SEC_8_K=1.000801
SEC_9_B=-11.845592
SEC_9_K=1.000050
SEC_NUM=8
[default]
